   1.6000000e+02   2.6479615e+03   6.2969126e+00   1.6000000e+01   2.6738561e+03   1.1304348e+00
   1.6100000e+02   2.6477875e+03   6.3918941e+00   1.7000000e+01   2.6738876e+03   1.1352151e+00
   1.6200000e+02   2.6480510e+03   6.2628665e+00   1.8000000e+01   2.6739206e+03   1.1574609e+00
   1.6300000e+02   2.6482283e+03   6.5427781e+00   1.9000000e+01   2.6739309e+03   1.1185102e+00
   1.6400000e+02   2.6484578e+03   6.5350753e+00   2.0000000e+01   2.6739084e+03   1.0822178e+00
   1.6500000e+02   2.6486299e+03   7.0163336e+00   2.1000000e+01   2.6738900e+03   1.0675923e+00
   1.6600000e+02   2.6480672e+03   6.5490416e+00   2.2000000e+01   2.6739487e+03   1.0855309e+00
   1.6700000e+02   2.6476752e+03   6.4818014e+00   2.3000000e+01   2.6739610e+03   1.1108824e+00
   1.6800000e+02   2.6485532e+03   6.8287192e+00   2.4000000e+01   2.6738809e+03   1.0992931e+00
   1.6900000e+02   2.6482399e+03   7.2629145e+00   2.5000000e+01   2.6738766e+03   1.1391437e+00
   1.7000000e+02   2.6476698e+03   7.2229508e+00   2.6000000e+01   2.6739327e+03   1.1310782e+00
   1.7100000e+02   2.6480292e+03   6.7898408e+00   2.7000000e+01   2.6739525e+03   1.1139952e+00
   1.7200000e+02   2.6485162e+03   6.9848982e+00   2.8000000e+01   2.6739425e+03   1.0811669e+00
   1.7300000e+02   2.6480323e+03   7.4021382e+00   2.9000000e+01   2.6739475e+03   1.0585426e+00
   1.7400000e+02   2.6476285e+03   7.3664213e+00   3.0000000e+01   2.6739405e+03   1.0748483e+00
   1.7500000e+02   2.6476988e+03   7.3621243e+00   3.1000000e+01   2.6739234e+03   1.1002323e+00
   1.7600000e+02   2.6476083e+03   7.6257003e+00   3.2000000e+01   2.6739352e+03   1.1257577e+00
   1.7700000e+02   2.6479410e+03   7.0912961e+00   3.3000000e+01   2.6739118e+03   1.3512698e+00
   1.7800000e+02   2.6485076e+03   7.5971730e+00   3.4000000e+01   2.6739282e+03   1.3254677e+00
   1.7900000e+02   2.6481227e+03   8.2441138e+00   3.5000000e+01   2.6739129e+03   1.3583362e+00
   1.8000000e+02   2.6475776e+03   8.5643827e+00   3.6000000e+01   2.6738780e+03   1.3606127e+00
   1.8100000e+02   2.6479882e+03   8.1362484e+00   3.7000000e+01   2.6738976e+03   1.1676875e+00
   1.8200000e+02   2.6490273e+03   8.3658338e+00   3.8000000e+01   2.6738813e+03   1.1867456e+00
   1.8300000e+02   2.6493790e+03   8.7097299e+00   3.9000000e+01   2.6738877e+03   1.2557641e+00
   1.8400000e+02   2.6479743e+03   8.3246711e+00   4.0000000e+01   2.6739275e+03   1.5421917e+00
   1.8500000e+02   2.6479124e+03   8.7042792e+00   4.1000000e+01   2.6739346e+03   1.5861902e+00
   1.8600000e+02   2.6481773e+03   8.9703399e+00   4.2000000e+01   2.6738908e+03   1.5796726e+00
   1.8700000e+02   2.6481990e+03   8.9542152e+00   4.3000000e+01   2.6738628e+03   1.3907783e+00
   1.8800000e+02   2.6485393e+03   8.5136365e+00   4.4000000e+01   2.6738472e+03   1.3125188e+00
   1.8900000e+02   2.6488322e+03   8.0632367e+00   4.5000000e+01   2.6739079e+03   1.2336434e+00
   1.9000000e+02   2.6487009e+03   9.2518588e+00   4.6000000e+01   2.6739809e+03   1.0894797e+00
   1.9100000e+02   2.6481666e+03   9.4762317e+00   4.7000000e+01   2.6739375e+03   1.0935975e+00
   1.9200000e+02   2.6484389e+03   1.0142724e+01   4.8000000e+01   2.6739033e+03   1.0666077e+00
   1.9300000e+02   2.6489983e+03   9.3842111e+00   4.9000000e+01   2.6739445e+03   1.0734417e+00
   1.9400000e+02   2.6493871e+03   1.0152818e+01   5.0000000e+01   2.6739433e+03   1.0620953e+00
   1.9500000e+02   2.6495108e+03   9.5649047e+00   5.1000000e+01   2.6739236e+03   1.0539389e+00
   1.9600000e+02   2.6486787e+03   9.6309755e+00   5.2000000e+01   2.6739532e+03   1.0705329e+00
   1.9700000e+02   2.6482700e+03   9.7930901e+00   5.3000000e+01   2.6739598e+03   1.0414566e+00
   1.9800000e+02   2.6475973e+03   1.0038320e+01   5.4000000e+01   2.6739338e+03   1.0662598e+00
   1.9900000e+02   2.6474331e+03   9.6223223e+00   5.5000000e+01   2.6739430e+03   1.0480089e+00
   2.0000000e+02   2.6461849e+03   9.8158049e+00   5.6000000e+01   2.6739675e+03   1.0653619e+00
             NaN             NaN             NaN   5.7000000e+01   2.6739375e+03   1.0795747e+00
             NaN             NaN             NaN   5.8000000e+01   2.6739378e+03   1.0669921e+00
             NaN             NaN             NaN   5.9000000e+01   2.6739843e+03   1.0808374e+00
             NaN             NaN             NaN   6.0000000e+01   2.6739359e+03   1.0737026e+00
             NaN             NaN             NaN   6.1000000e+01   2.6739493e+03   1.0650685e+00
