   1.6000000e+02   1.3745187e+03   2.1676239e+00   6.0000000e+01   1.5847593e+03   3.1180872e+00
   1.6100000e+02   1.4068024e+03   2.2600739e+00   6.1000000e+01   1.5744443e+03   3.1262310e+00
   1.6200000e+02   1.4338213e+03   2.3840879e+00   6.2000000e+01   1.5673729e+03   3.1122236e+00
   1.6300000e+02   1.4634383e+03   2.5824260e+00   6.3000000e+01   1.5650220e+03   3.1950508e+00
   1.6400000e+02   1.4963617e+03   2.8398842e+00   6.4000000e+01   1.5616256e+03   3.2673649e+00
   1.6500000e+02   1.5312798e+03   2.9961424e+00   6.5000000e+01   1.5608679e+03   3.3947476e+00
   1.6600000e+02   1.5543444e+03   2.9021184e+00   6.6000000e+01   1.5583523e+03   3.4773975e+00
   1.6700000e+02   1.5747704e+03   2.9760487e+00   6.7000000e+01   1.5544467e+03   3.6031608e+00
   1.6800000e+02   1.5964066e+03   3.1081279e+00   6.8000000e+01   1.5528906e+03   3.6281821e+00
   1.6900000e+02   1.6157103e+03   2.8976934e+00   6.9000000e+01   1.5476171e+03   3.5753431e+00
   1.7000000e+02   1.6277278e+03   2.7597908e+00   7.0000000e+01   1.5433134e+03   3.4136141e+00
   1.7100000e+02   1.6340198e+03   2.7182284e+00   7.1000000e+01   1.5453596e+03   3.3732139e+00
   1.7200000e+02   1.6379856e+03   2.7625840e+00   7.2000000e+01   1.5456809e+03   3.3995042e+00
   1.7300000e+02   1.6428067e+03   2.7553364e+00   7.3000000e+01   1.5446907e+03   3.2657495e+00
   1.7400000e+02   1.6406042e+03   2.8737701e+00   7.4000000e+01   1.5514120e+03   3.2016448e+00
   1.7500000e+02   1.6384126e+03   3.1659594e+00   7.5000000e+01   1.5609647e+03   3.2167480e+00
   1.7600000e+02   1.6335931e+03   3.1108616e+00   7.6000000e+01   1.5776435e+03   3.2024326e+00
   1.7700000e+02   1.6310428e+03   3.2830900e+00   7.7000000e+01   1.5979191e+03   3.3945539e+00
   1.7800000e+02   1.6289699e+03   3.1044767e+00   7.8000000e+01   1.6151330e+03   3.3137342e+00
   1.7900000e+02   1.6213156e+03   3.0644254e+00   7.9000000e+01   1.6282061e+03   3.3287566e+00
   1.8000000e+02   1.6154889e+03   3.1696300e+00   8.0000000e+01   1.6330018e+03   3.4428839e+00
   1.8100000e+02   1.6145085e+03   3.2067631e+00   8.1000000e+01   1.6344957e+03   3.2756408e+00
   1.8200000e+02   1.6144670e+03   3.3029484e+00   8.2000000e+01   1.6354287e+03   3.3684756e+00
   1.8300000e+02   1.6124697e+03   3.2743568e+00   8.3000000e+01   1.6333660e+03   3.4062632e+00
   1.8400000e+02   1.6094231e+03   3.2606702e+00   8.4000000e+01   1.6238705e+03   3.5335122e+00
   1.8500000e+02   1.6114644e+03   3.2660520e+00   8.5000000e+01   1.6140949e+03   3.4879340e+00
   1.8600000e+02   1.6161071e+03   3.3718479e+00   8.6000000e+01   1.6076609e+03   3.7304667e+00
   1.8700000e+02   1.6210921e+03   3.4125562e+00   8.7000000e+01   1.6013712e+03   3.9696960e+00
   1.8800000e+02   1.6122367e+03   3.3805483e+00   8.8000000e+01   1.5927642e+03   4.4533054e+00
   1.8900000e+02   1.6072539e+03   3.4183074e+00   8.9000000e+01   1.5710968e+03   4.6612246e+00
   1.9000000e+02   1.6028393e+03   3.2699599e+00   9.0000000e+01   1.5621513e+03   4.6982681e+00
   1.9100000e+02   1.6031204e+03   3.2781545e+00   9.1000000e+01   1.5546279e+03   4.8300752e+00
   1.9200000e+02   1.6015616e+03   3.3957348e+00   9.2000000e+01   1.5523145e+03   4.8996130e+00
   1.9300000e+02   1.5987007e+03   3.3641633e+00   9.3000000e+01   1.5658035e+03   5.8135379e+00
   1.9400000e+02   1.5974380e+03   3.4255161e+00   9.4000000e+01   1.5955366e+03   6.2052037e+00
   1.9500000e+02   1.5954408e+03   3.4202399e+00   9.5000000e+01   1.6253861e+03   7.6928089e+00
   1.9600000e+02   1.5940736e+03   3.4537448e+00   9.6000000e+01   1.6885833e+03   9.4825092e+00
   1.9700000e+02   1.5903410e+03   3.5188185e+00   9.7000000e+01   1.7567515e+03   1.1806305e+01
   1.9800000e+02   1.5867133e+03   3.5516834e+00   9.8000000e+01   1.8277724e+03   1.3534803e+01
   1.9900000e+02   1.5863573e+03   3.5018750e+00   9.9000000e+01   1.9452582e+03   1.8714849e+01
   2.0000000e+02   1.5904754e+03   3.5195031e+00   1.0000000e+02   2.0427011e+03   2.2567787e+01
