   1.6500000e+02   2.6585392e+03   2.0559973e+00   2.5000000e+01   1.8159424e+03   2.9913309e+01
   1.6600000e+02   2.6585360e+03   2.1476161e+00   2.6000000e+01   1.8309009e+03   3.1588315e+01
   1.6700000e+02   2.6587953e+03   1.4753370e+00   2.7000000e+01   1.8420575e+03   3.2588140e+01
   1.6800000e+02   2.6586707e+03   1.4599671e+00   2.8000000e+01   1.8399687e+03   3.2216523e+01
   1.6900000e+02   2.6587723e+03   1.3853581e+00   2.9000000e+01   1.8288291e+03   3.1150030e+01
   1.7000000e+02   2.6586499e+03   1.3991011e+00   3.0000000e+01   1.8158001e+03   2.9752121e+01
   1.7100000e+02   2.6586826e+03   1.4319500e+00   3.1000000e+01   1.8070902e+03   2.8967295e+01
   1.7200000e+02   2.6586827e+03   1.6295758e+00   3.2000000e+01   1.8039268e+03   2.9222766e+01
   1.7300000e+02   2.6583899e+03   2.5627538e+00   3.3000000e+01   1.7977898e+03   2.8487912e+01
   1.7400000e+02   2.6583883e+03   2.3139953e+00   3.4000000e+01   1.8093253e+03   2.9333943e+01
   1.7500000e+02   2.6583983e+03   2.2838574e+00   3.5000000e+01   1.8042543e+03   2.8870711e+01
   1.7600000e+02   2.6583376e+03   2.7515648e+00   3.6000000e+01   1.8092041e+03   2.8570068e+01
   1.7700000e+02   2.6586378e+03   1.5862391e+00   3.7000000e+01   1.7996720e+03   2.9117769e+01
   1.7800000e+02   2.6586458e+03   1.5011976e+00   3.8000000e+01   1.7980868e+03   2.8219400e+01
   1.7900000e+02   2.6586125e+03   1.3956012e+00   3.9000000e+01   1.7997202e+03   2.8740714e+01
   1.8000000e+02   2.6586437e+03   1.4631457e+00   4.0000000e+01   1.8094393e+03   2.8912545e+01
   1.8100000e+02   2.6587095e+03   1.3930660e+00   4.1000000e+01   1.8147533e+03   2.9059225e+01
   1.8200000e+02   2.6587169e+03   1.5334686e+00   4.2000000e+01   1.8078605e+03   2.8748560e+01
   1.8300000e+02   2.6587447e+03   2.3548711e+00   4.3000000e+01   1.8028475e+03   2.8703015e+01
   1.8400000e+02   2.6586756e+03   2.0970996e+00   4.4000000e+01   1.8081543e+03   2.9158491e+01
   1.8500000e+02   2.6587202e+03   2.0836485e+00   4.5000000e+01   1.8090624e+03   2.8800835e+01
   1.8600000e+02   2.6587938e+03   2.1343934e+00   4.6000000e+01   1.8097915e+03   2.8507474e+01
   1.8700000e+02   2.6587157e+03   1.5108635e+00   4.7000000e+01   1.8123579e+03   2.8776713e+01
   1.8800000e+02   2.6586454e+03   1.4502575e+00   4.8000000e+01   1.8157120e+03   2.8424972e+01
   1.8900000e+02   2.6586721e+03   1.4335301e+00   4.9000000e+01   1.8232605e+03   2.8552514e+01
   1.9000000e+02   2.6586773e+03   1.4403267e+00   5.0000000e+01   1.8192380e+03   2.8398723e+01
   1.9100000e+02   2.6586928e+03   1.4339594e+00   5.1000000e+01   1.8251595e+03   2.8499852e+01
   1.9200000e+02   2.6587491e+03   1.4251724e+00   5.2000000e+01   1.8298164e+03   2.8652179e+01
   1.9300000e+02   2.6586664e+03   1.3999610e+00   5.3000000e+01   1.8210029e+03   2.8858567e+01
   1.9400000e+02   2.6586449e+03   1.4044432e+00   5.4000000e+01   1.8243878e+03   2.8766597e+01
   1.9500000e+02   2.6586605e+03   1.5055092e+00   5.5000000e+01   1.8207953e+03   2.8728379e+01
   1.9600000e+02   2.6586059e+03   1.6951573e+00   5.6000000e+01   1.8197409e+03   2.8639630e+01
   1.9700000e+02   2.6586346e+03   1.8304968e+00   5.7000000e+01   1.8170145e+03   2.8258760e+01
   1.9800000e+02   2.6586955e+03   1.7145525e+00   5.8000000e+01   1.8197973e+03   2.8708762e+01
   1.9900000e+02   2.6586198e+03   1.8610648e+00   5.9000000e+01   1.8193205e+03   2.8531869e+01
   2.0000000e+02   2.6586434e+03   1.6096488e+00   6.0000000e+01   1.8229038e+03   2.8894430e+01
   2.0100000e+02   2.6586396e+03   1.5672798e+00   6.1000000e+01   1.8179919e+03   2.8868915e+01
   2.0200000e+02   2.6587052e+03   1.5149292e+00   6.2000000e+01   1.8153978e+03   2.8351865e+01
   2.0300000e+02   2.6587108e+03   1.8500057e+00   6.3000000e+01   1.8096550e+03   2.8373865e+01
   2.0400000e+02   2.6585629e+03   1.7766352e+00   6.4000000e+01   1.8103260e+03   2.8603731e+01
   2.0500000e+02   2.6586104e+03   1.7114148e+00   6.5000000e+01   1.7992749e+03   2.8315340e+01
   2.0600000e+02   2.6586897e+03   1.7676249e+00   6.6000000e+01   1.8011172e+03   2.8353800e+01
   2.0700000e+02   2.6586999e+03   1.4361127e+00   6.7000000e+01   1.7989008e+03   2.8348302e+01
   2.0800000e+02   2.6587384e+03   1.4378878e+00   6.8000000e+01   1.8087547e+03   2.8405109e+01
   2.0900000e+02   2.6586136e+03   1.6630391e+00   6.9000000e+01   1.8069871e+03   2.8168462e+01
   2.1000000e+02   2.6585989e+03   1.6558650e+00   7.0000000e+01   1.7966930e+03   2.7745341e+01
   2.1100000e+02   2.6586875e+03   1.6578910e+00   7.1000000e+01   1.7887662e+03   2.7689163e+01
   2.1200000e+02   2.6586244e+03   1.7014475e+00   7.2000000e+01   1.7840760e+03   2.8041179e+01
   2.1300000e+02   2.6586300e+03   1.4211028e+00   7.3000000e+01   1.7922763e+03   2.8225135e+01
   2.1400000e+02   2.6586317e+03   1.3756583e+00   7.4000000e+01   1.7877842e+03   2.7670655e+01
   2.1500000e+02   2.6586878e+03   1.3723990e+00   7.5000000e+01   1.7845133e+03   2.7927066e+01
   2.1600000e+02   2.6587098e+03   1.3607857e+00   7.6000000e+01   1.7751235e+03   2.7579291e+01
   2.1700000e+02   2.6586172e+03   1.4140987e+00   7.7000000e+01   1.7725426e+03   2.7841970e+01
   2.1800000e+02   2.6587374e+03   1.5010366e+00   7.8000000e+01   1.7719220e+03   2.7585724e+01
   2.1900000e+02   2.6586996e+03   1.9107711e+00   7.9000000e+01   1.7631060e+03   2.7421784e+01
   2.2000000e+02   2.6587370e+03   1.8849969e+00   8.0000000e+01   1.7652517e+03   2.7603505e+01
   2.2100000e+02   2.6586836e+03   1.8544879e+00   8.1000000e+01   1.7764939e+03   2.8229613e+01
   2.2200000e+02   2.6585820e+03   2.1195452e+00   8.2000000e+01   1.7877638e+03   2.8712345e+01
   2.2300000e+02   2.6586310e+03   1.9389895e+00   8.3000000e+01   1.8051361e+03   2.8688335e+01
   2.2400000e+02   2.6586072e+03   1.8321472e+00   8.4000000e+01   1.8360143e+03   3.0125549e+01
   2.2500000e+02   2.6586771e+03   1.8253122e+00   8.5000000e+01   1.8533923e+03   3.1388539e+01
   2.2600000e+02   2.6586410e+03   2.0059116e+00             NaN             NaN             NaN
   2.2700000e+02   2.6586521e+03   1.7330296e+00             NaN             NaN             NaN
   2.2800000e+02   2.6586536e+03   1.8992891e+00             NaN             NaN             NaN
   2.2900000e+02   2.6586902e+03   1.7846177e+00             NaN             NaN             NaN
   2.3000000e+02   2.6586505e+03   1.8619173e+00             NaN             NaN             NaN
   2.3100000e+02   2.6586412e+03   1.8381756e+00             NaN             NaN             NaN
   2.3200000e+02   2.6586317e+03   1.6305238e+00             NaN             NaN             NaN
   2.3300000e+02   2.6586354e+03   1.6927411e+00             NaN             NaN             NaN
   2.3400000e+02   2.6585679e+03   1.6764644e+00             NaN             NaN             NaN
   2.3500000e+02   2.6586285e+03   1.5280457e+00             NaN             NaN             NaN
   2.3600000e+02   2.6586158e+03   1.6053064e+00             NaN             NaN             NaN
   2.3700000e+02   2.6585975e+03   1.7399166e+00             NaN             NaN             NaN
